  -8.6177807e+00   7.9173285e-01  -2.4317200e+00  -3.5369933e+00   1.8705534e+00   2.0000000e+00
  -6.7407338e+00   1.9220913e+00  -5.0380555e-01  -1.8064288e+00   3.2022301e+00   2.0000000e+00
  -4.3723439e+00   3.0359851e+00   1.6598510e+00   1.5871078e-02   4.6131257e+00   2.0000000e+00
  -1.7721439e+00   4.0943634e+00   3.9124476e+00   1.7274350e+00   6.0165390e+00   2.0000000e+00
   7.1494387e-01   5.0280393e+00   6.0425845e+00   3.1890784e+00   7.2696029e+00   2.0000000e+00
   2.7233207e+00   5.7258537e+00   7.7789412e+00   4.2786549e+00   8.1900759e+00   2.0000000e+00
   4.5064714e+00   6.4001414e+00   9.2645389e+00   5.1937412e+00   8.9757310e+00   2.0000000e+00
   6.5230539e+00   7.3610327e+00   1.0746048e+01   6.2544653e+00   9.9172647e+00   2.0000000e+00
   8.7713722e+00   8.7218298e+00   1.2235336e+01   7.5819453e+00   1.1061615e+01   2.0000000e+00
   1.1087352e+01   1.0504770e+01   1.3697108e+01   9.1634091e+00   1.2390381e+01   2.0000000e+00
   1.3099213e+01   1.2515285e+01   1.4882676e+01   1.0806223e+01   1.3732444e+01   2.0000000e+00
   1.4503993e+01   1.4560283e+01   1.5626776e+01   1.2402460e+01   1.4984844e+01   2.0000000e+00
   1.5627549e+01   1.6707878e+01   1.6181810e+01   1.4087095e+01   1.6337080e+01   2.0000000e+00
   1.6679626e+01   1.8847629e+01   1.6609901e+01   1.5729521e+01   1.7715669e+01   2.0000000e+00
   1.7286171e+01   2.0615271e+01   1.6592390e+01   1.6933508e+01   1.8681202e+01   2.0000000e+00
   1.7247091e+01   2.1859495e+01   1.6022881e+01   1.7600016e+01   1.9057963e+01   2.0000000e+00
   1.6667534e+01   2.2603080e+01   1.5055456e+01   1.7873785e+01   1.8953551e+01   2.0000000e+00
   1.5560056e+01   2.2757881e+01   1.3757549e+01   1.7776077e+01   1.8383406e+01   2.0000000e+00
   1.3936703e+01   2.2184208e+01   1.2135465e+01   1.7202487e+01   1.7301022e+01   2.0000000e+00
   1.1855662e+01   2.0803065e+01   1.0201216e+01   1.6044603e+01   1.5665330e+01   2.0000000e+00
   9.5449411e+00   1.8807892e+01   8.1920482e+00   1.4444271e+01   1.3665752e+01   2.0000000e+00
   7.4707597e+00   1.6654596e+01   6.5796669e+00   1.2834862e+01   1.1779242e+01   2.0000000e+00
   5.8398585e+00   1.4582408e+01   5.5165920e+00   1.1445623e+01   1.0212992e+01   2.0000000e+00
   4.6192435e+00   1.2636863e+01   4.9120151e+00   1.0243014e+01   8.9138790e+00   2.0000000e+00
   3.8958786e+00   1.0873969e+01   4.7462550e+00   9.1668226e+00   7.8832924e+00   2.0000000e+00
   3.6873161e+00   9.2133997e+00   4.8552630e+00   8.0894606e+00   7.0231097e+00   2.0000000e+00
   3.7500201e+00   7.5051504e+00   4.8664417e+00   6.8703135e+00   6.1006833e+00   2.0000000e+00
   3.6406354e+00   5.5846417e+00   4.3675869e+00   5.3259919e+00   4.8259716e+00   2.0000000e+00
   3.1197184e+00   3.4141414e+00   3.2981486e+00   3.3847299e+00   3.1448475e+00   2.0000000e+00
   2.4853658e+00   1.3227679e+00   2.1115531e+00   1.3998456e+00   1.4853569e+00   2.0000000e+00
   2.1204325e+00  -3.3299857e-01   1.2377048e+00  -2.2025329e-01   2.8927541e-01   2.0000000e+00
   1.9667858e+00  -1.5701560e+00   6.5989288e-01  -1.4832975e+00  -4.4110686e-01   2.0000000e+00
   1.7312754e+00  -2.6148632e+00   1.2290915e-01  -2.6136966e+00  -9.4700779e-01   2.0000000e+00
   1.0838133e+00  -3.7297649e+00  -6.4216009e-01  -3.9126985e+00  -1.5333902e+00   2.0000000e+00
  -4.4502040e-01  -5.2442647e+00  -2.0430144e+00  -5.7910687e+00  -2.6216590e+00   2.0000000e+00
  -3.0898659e+00  -7.2917910e+00  -4.3757527e+00  -8.3876195e+00  -4.4464033e+00   2.0000000e+00
  -6.3374381e+00  -9.4714418e+00  -7.2193284e+00  -1.1233154e+01  -6.6156526e+00   2.0000000e+00
  -9.2668122e+00  -1.1101467e+01  -9.7283567e+00  -1.3559668e+01  -8.3808053e+00   2.0000000e+00
  -1.1383897e+01  -1.1836290e+01  -1.1489511e+01  -1.4943783e+01  -9.3555693e+00   2.0000000e+00
  -1.2787543e+01  -1.1832232e+01  -1.2581790e+01  -1.5480547e+01  -9.6613441e+00   2.0000000e+00
  -1.3731994e+01  -1.1425884e+01  -1.3199579e+01  -1.5449313e+01  -9.5968109e+00   2.0000000e+00
  -1.4390903e+01  -1.0884147e+01  -1.3537337e+01  -1.5043309e+01  -9.4290097e+00   2.0000000e+00
  -1.4909292e+01  -1.0440706e+01  -1.3801342e+01  -1.4428575e+01  -9.3921663e+00   2.0000000e+00
  -1.5391590e+01  -1.0265244e+01  -1.4120486e+01  -1.3794605e+01  -9.6283485e+00   2.0000000e+00
  -1.5791092e+01  -1.0266543e+01  -1.4387762e+01  -1.3164849e+01  -1.0025183e+01   2.0000000e+00
  -1.6179934e+01  -1.0359619e+01  -1.4594563e+01  -1.2558446e+01  -1.0518752e+01   2.0000000e+00
  -1.6853875e+01  -1.0788774e+01  -1.5014770e+01  -1.2258252e+01  -1.1332145e+01   2.0000000e+00
  -1.7661390e+01  -1.1597554e+01  -1.5580888e+01  -1.2313723e+01  -1.2396159e+01   2.0000000e+00
  -1.7932973e+01  -1.2330432e+01  -1.5800663e+01  -1.2266978e+01  -1.3172957e+01   2.0000000e+00
  -1.7362409e+01  -1.2675174e+01  -1.5434298e+01  -1.1836677e+01  -1.3372172e+01   2.0000000e+00
  -1.6448535e+01  -1.2874252e+01  -1.4850466e+01  -1.1354676e+01  -1.3350837e+01   2.0000000e+00
  -1.5909739e+01  -1.3367356e+01  -1.4620520e+01  -1.1355985e+01  -1.3655807e+01   2.0000000e+00
  -1.5948633e+01  -1.4229674e+01  -1.4867425e+01  -1.1949917e+01  -1.4384816e+01   2.0000000e+00
  -1.6358880e+01  -1.5230522e+01  -1.5350890e+01  -1.2885406e+01  -1.5254677e+01   2.0000000e+00
  -1.6964537e+01  -1.6258828e+01  -1.5902223e+01  -1.4052415e+01  -1.6055086e+01   2.0000000e+00
  -1.7692622e+01  -1.7284067e+01  -1.6469626e+01  -1.5435781e+01  -1.6710525e+01   2.0000000e+00
  -1.8436923e+01  -1.8213960e+01  -1.7029070e+01  -1.6903100e+01  -1.7153020e+01   2.0000000e+00
  -1.9176808e+01  -1.9096859e+01  -1.7676434e+01  -1.8425346e+01  -1.7482766e+01   2.0000000e+00
  -2.0233136e+01  -2.0183144e+01  -1.8698312e+01  -2.0177693e+01  -1.8055094e+01   2.0000000e+00
  -2.1917006e+01  -2.1546658e+01  -2.0267316e+01  -2.2172736e+01  -1.9074513e+01   2.0000000e+00
  -2.3963652e+01  -2.2880901e+01  -2.2128513e+01  -2.4061159e+01  -2.0301153e+01   2.0000000e+00
  -2.5764912e+01  -2.3835812e+01  -2.3777714e+01  -2.5455840e+01  -2.1326270e+01   2.0000000e+00
  -2.6821786e+01  -2.4193154e+01  -2.4741078e+01  -2.6116027e+01  -2.1798035e+01   2.0000000e+00
  -2.6767397e+01  -2.3784056e+01  -2.4683910e+01  -2.5872143e+01  -2.1443544e+01   2.0000000e+00
  -2.5484370e+01  -2.2665231e+01  -2.3592013e+01  -2.4785502e+01  -2.0270642e+01   2.0000000e+00
  -2.3156628e+01  -2.1165527e+01  -2.1771521e+01  -2.3195988e+01  -1.8596899e+01   2.0000000e+00
  -2.0226865e+01  -1.9695385e+01  -1.9688915e+01  -2.1524753e+01  -1.6859909e+01   2.0000000e+00
  -1.7487567e+01  -1.8675002e+01  -1.7898299e+01  -2.0193400e+01  -1.5540127e+01   2.0000000e+00
  -1.5827003e+01  -1.8378517e+01  -1.6877519e+01  -1.9502550e+01  -1.5023158e+01   2.0000000e+00
  -1.5639748e+01  -1.8687442e+01  -1.6715562e+01  -1.9392251e+01  -1.5287873e+01   2.0000000e+00
  -1.6394575e+01  -1.9117525e+01  -1.6958898e+01  -1.9419174e+01  -1.5794849e+01   2.0000000e+00
  -1.7164976e+01  -1.9288105e+01  -1.7100786e+01  -1.9241310e+01  -1.6050050e+01   2.0000000e+00
  -1.7522254e+01  -1.9205531e+01  -1.7008101e+01  -1.8909663e+01  -1.6030009e+01   2.0000000e+00
  -1.7363034e+01  -1.8896529e+01  -1.6621259e+01  -1.8433087e+01  -1.5763391e+01   2.0000000e+00
  -1.6808027e+01  -1.8359430e+01  -1.5972543e+01  -1.7769779e+01  -1.5265670e+01   2.0000000e+00
  -1.6378761e+01  -1.7811277e+01  -1.5405250e+01  -1.7152797e+01  -1.4808509e+01   2.0000000e+00
  -1.6058699e+01  -1.7275784e+01  -1.4941071e+01  -1.6614586e+01  -1.4395672e+01   2.0000000e+00
  -1.5136893e+01  -1.6464355e+01  -1.4125566e+01  -1.5851096e+01  -1.3629316e+01   2.0000000e+00
  -1.3619427e+01  -1.5361231e+01  -1.2923664e+01  -1.4864353e+01  -1.2465637e+01   2.0000000e+00
  -1.2186275e+01  -1.4202264e+01  -1.1718019e+01  -1.3909435e+01  -1.1215873e+01   2.0000000e+00
  -1.1062439e+01  -1.3035988e+01  -1.0595450e+01  -1.3013735e+01  -9.9915012e+00   2.0000000e+00
  -1.0165164e+01  -1.1871755e+01  -9.5111989e+00  -1.2081569e+01  -8.8219031e+00   2.0000000e+00
  -9.5500071e+00  -1.0930073e+01  -8.6025317e+00  -1.1219776e+01  -7.9072402e+00   2.0000000e+00
  -9.1304440e+00  -1.0352516e+01  -7.8959861e+00  -1.0598974e+01  -7.3159451e+00   2.0000000e+00
  -8.4802152e+00  -9.8946553e+00  -7.0976707e+00  -1.0037249e+01  -6.7292424e+00   2.0000000e+00
  -7.1858466e+00  -9.1396802e+00  -5.8021291e+00  -9.1284116e+00  -5.7144673e+00   2.0000000e+00
  -4.9822769e+00  -7.7405433e+00  -3.6436357e+00  -7.5452261e+00  -3.9162445e+00   2.0000000e+00
  -1.9390817e+00  -5.7027741e+00  -6.1491685e-01  -5.2760048e+00  -1.3222166e+00   2.0000000e+00
   1.2276864e+00  -3.6261887e+00   2.5384239e+00  -2.9650149e+00   1.3768294e+00   2.0000000e+00
   3.5661126e+00  -2.2772753e+00   4.7777733e+00  -1.5223953e+00   3.2463555e+00   2.0000000e+00
   4.4203365e+00  -2.0628258e+00   5.5330564e+00  -1.3811494e+00   3.7860902e+00   2.0000000e+00
   4.0250003e+00  -2.7144096e+00   5.1511197e+00  -2.1758053e+00   3.2933138e+00   2.0000000e+00
   3.4607391e+00  -3.3982196e+00   4.6553683e+00  -3.0049810e+00   2.6858329e+00   2.0000000e+00
   3.4271360e+00  -3.5092662e+00   4.7033124e+00  -3.2616704e+00   2.5827449e+00   2.0000000e+00
   3.6704812e+00  -3.1774518e+00   5.0709169e+00  -3.0788343e+00   2.8465395e+00   2.0000000e+00
   3.5924599e+00  -2.9642889e+00   5.1572440e+00  -2.9635823e+00   2.9851600e+00   2.0000000e+00
   2.8568164e+00  -3.2538735e+00   4.6489004e+00  -3.2450405e+00   2.6606575e+00   2.0000000e+00
   1.5719831e+00  -4.0175709e+00   3.6747731e+00  -3.9267358e+00   1.8780626e+00   2.0000000e+00
   3.1349444e-01  -5.0026566e+00   2.5538686e+00  -4.8077971e+00   9.0208595e-01   2.0000000e+00
  -2.9534643e-01  -5.8369145e+00   1.6412121e+00  -5.5305256e+00   9.6655198e-02   2.0000000e+00
  -6.9098420e-02  -6.1041265e+00   1.3133539e+00  -5.6977349e+00  -1.8219358e-01   0.0000000e+00
   8.9857672e-01  -5.5775709e+00   1.8453581e+00  -5.0927787e+00   3.1194805e-01   0.0000000e+00
   2.4451042e+00  -4.3753974e+00   3.2112790e+00  -3.8094223e+00   1.5501960e+00   0.0000000e+00
   4.2161125e+00  -2.9570072e+00   5.0140713e+00  -2.2610624e+00   3.1552075e+00   0.0000000e+00
   5.8141233e+00  -1.8726156e+00   6.7656786e+00  -9.3622069e-01   4.6669704e+00   0.0000000e+00
   7.1366254e+00  -1.3164379e+00   8.2476159e+00   1.0818563e-02   5.9234172e+00   0.0000000e+00
   8.3287728e+00  -1.0672302e+00   9.5318730e+00   7.3624354e-01   7.0050662e+00   0.0000000e+00
   9.4900750e+00  -8.2942216e-01   1.0761613e+01   1.3975647e+00   8.0001295e+00   0.0000000e+00
   1.0448958e+01  -4.6738703e-01   1.1912210e+01   2.0285959e+00   8.8931422e+00   0.0000000e+00
   1.0965988e+01   9.2015861e-03   1.2839305e+01   2.5862003e+00   9.5658079e+00   0.0000000e+00
   1.1060219e+01   5.6369372e-01   1.3512469e+01   3.0978601e+00   9.9954106e+00   0.0000000e+00
   1.1069833e+01   1.2222118e+00   1.4141653e+01   3.6706013e+00   1.0393895e+01   0.0000000e+00
   1.1472299e+01   2.0632574e+00   1.5048730e+01   4.4105360e+00   1.1049629e+01   0.0000000e+00
   1.2357923e+01   3.0070488e+00   1.6211837e+01   5.3062980e+00   1.1990507e+01   0.0000000e+00
   1.3281579e+01   3.6502166e+00   1.7129087e+01   6.0453992e+00   1.2836736e+01   0.0000000e+00
   1.3800752e+01   3.6038245e+00   1.7322534e+01   6.2402858e+00   1.3146136e+01   0.0000000e+00
   1.3894333e+01   3.0126167e+00   1.6855965e+01   5.9018837e+00   1.2911648e+01   0.0000000e+00
   1.3869331e+01   2.4385438e+00   1.6299274e+01   5.4050365e+00   1.2554508e+01   0.0000000e+00
   1.3945045e+01   2.2010115e+00   1.6064351e+01   5.0117429e+00   1.2369054e+01   0.0000000e+00
   1.4271092e+01   2.2121172e+00   1.6129868e+01   4.7737455e+00   1.2340219e+01   0.0000000e+00
   1.5177567e+01   2.4549574e+00   1.6541886e+01   4.8418140e+00   1.2573758e+01   0.0000000e+00
   1.6634752e+01   2.9581386e+00   1.7336311e+01   5.2731734e+00   1.3159550e+01   0.0000000e+00
   1.7879724e+01   3.4005426e+00   1.8061474e+01   5.6571024e+00   1.3670427e+01   0.0000000e+00
   1.8330148e+01   3.5259571e+00   1.8291803e+01   5.6252799e+00   1.3678182e+01   0.0000000e+00
   1.8144911e+01   3.5755608e+00   1.8169035e+01   5.3837927e+00   1.3383199e+01   0.0000000e+00
   1.7492298e+01   3.8162573e+00   1.7889578e+01   5.2219174e+00   1.3101769e+01   0.0000000e+00
   1.6436667e+01   4.3157132e+00   1.7487599e+01   5.2292731e+00   1.2946641e+01   0.0000000e+00
   1.5363771e+01   5.2108611e+00   1.7148401e+01   5.6037496e+00   1.3105104e+01   0.0000000e+00
   1.4584816e+01   6.5983976e+00   1.7033194e+01   6.5067319e+00   1.3683900e+01   0.0000000e+00
   1.4119231e+01   8.4180102e+00   1.7137981e+01   7.8821358e+00   1.4618899e+01   0.0000000e+00
   1.3980097e+01   1.0519770e+01   1.7475900e+01   9.5851429e+00   1.5887834e+01   0.0000000e+00
   1.4088021e+01   1.2639000e+01   1.8030525e+01   1.1437806e+01   1.7413724e+01   0.0000000e+00
   1.4324985e+01   1.4606632e+01   1.8751954e+01   1.3368519e+01   1.9047440e+01   0.0000000e+00
   1.4834834e+01   1.6429596e+01   1.9683776e+01   1.5361996e+01   2.0733353e+01   0.0000000e+00
   1.5683212e+01   1.8039514e+01   2.0730131e+01   1.7245562e+01   2.2342172e+01   0.0000000e+00
   1.6511734e+01   1.9231308e+01   2.1516735e+01   1.8722245e+01   2.3550095e+01   0.0000000e+00
   1.6839601e+01   1.9791431e+01   2.1693588e+01   1.9524412e+01   2.4051010e+01   0.0000000e+00
   1.6514568e+01   1.9697718e+01   2.1241701e+01   1.9666836e+01   2.3815622e+01   0.0000000e+00
   1.5743134e+01   1.9082450e+01   2.0386408e+01   1.9367792e+01   2.3049291e+01   0.0000000e+00
   1.4782694e+01   1.8145563e+01   1.9342902e+01   1.8807585e+01   2.1999882e+01   0.0000000e+00
   1.4043129e+01   1.7322413e+01   1.8492477e+01   1.8301197e+01   2.1083792e+01   0.0000000e+00
   1.3858445e+01   1.6993941e+01   1.8138179e+01   1.8140783e+01   2.0660819e+01   0.0000000e+00
   1.3996947e+01   1.7100481e+01   1.8064141e+01   1.8222087e+01   2.0617621e+01   0.0000000e+00
   1.4131415e+01   1.7415974e+01   1.7968978e+01   1.8291903e+01   2.0674033e+01   0.0000000e+00
   1.4170033e+01   1.7814574e+01   1.7785267e+01   1.8262334e+01   2.0692830e+01   0.0000000e+00
   1.4016438e+01   1.8243688e+01   1.7536683e+01   1.8169452e+01   2.0622762e+01   0.0000000e+00
   1.3758852e+01   1.8724128e+01   1.7300647e+01   1.8104805e+01   2.0530590e+01   0.0000000e+00
   1.3615536e+01   1.9266413e+01   1.7134034e+01   1.8102617e+01   2.0516767e+01   0.0000000e+00
   1.3350486e+01   1.9768331e+01   1.6910927e+01   1.8030246e+01   2.0510542e+01   0.0000000e+00
   1.2558981e+01   2.0113801e+01   1.6461222e+01   1.7768591e+01   2.0366008e+01   0.0000000e+00
   1.1358351e+01   2.0259315e+01   1.5815172e+01   1.7389035e+01   2.0042128e+01   0.0000000e+00
   1.0169589e+01   2.0247576e+01   1.5179672e+01   1.7085906e+01   1.9630244e+01   0.0000000e+00
   9.3695216e+00   2.0227212e+01   1.4834342e+01   1.7053747e+01   1.9331662e+01   0.0000000e+00
   9.0115749e+00   2.0176661e+01   1.4761287e+01   1.7185332e+01   1.9131379e+01   0.0000000e+00
  -5.0416986e+00   4.3678149e+00   1.1443620e+00   3.9088782e-02   5.4466354e+00   2.0000000e+00
  -4.0025974e+00   4.6602277e+00   2.2343308e+00   9.3170754e-01   5.9403664e+00   2.0000000e+00
  -2.4978033e+00   4.9105257e+00   3.5343915e+00   1.8904116e+00   6.4876663e+00   2.0000000e+00
  -7.7875936e-01   5.0877479e+00   4.9058322e+00   2.7208195e+00   7.0099236e+00   2.0000000e+00
   8.1786666e-01   5.1309621e+00   6.1455073e+00   3.2920012e+00   7.3725257e+00   2.0000000e+00
   1.9348175e+00   4.9373506e+00   6.9904380e+00   3.4901518e+00   7.4015728e+00   2.0000000e+00
   2.8339289e+00   4.7275988e+00   7.5919964e+00   3.5211987e+00   7.3031885e+00   2.0000000e+00
   3.9821398e+00   4.8201186e+00   8.2051337e+00   3.7135513e+00   7.3763506e+00   2.0000000e+00
   5.3858893e+00   5.3363468e+00   8.8498533e+00   4.1964624e+00   7.6761319e+00   2.0000000e+00
   6.8890146e+00   6.3064321e+00   9.4987701e+00   4.9650716e+00   8.1920437e+00   2.0000000e+00
   8.1273500e+00   7.5434219e+00   9.9108125e+00   5.8343593e+00   8.7605812e+00   2.0000000e+00
   8.8051794e+00   8.8614690e+00   9.9279621e+00   6.7036464e+00   9.2860305e+00   2.0000000e+00
   9.2551694e+00   1.0335498e+01   9.8094306e+00   7.7147155e+00   9.9647002e+00   2.0000000e+00
   9.6933754e+00   1.1861379e+01   9.6236504e+00   8.7432707e+00   1.0729419e+01   2.0000000e+00
   9.7514953e+00   1.3080595e+01   9.0577144e+00   9.3988322e+00   1.1146526e+01   2.0000000e+00
   9.2345723e+00   1.3846976e+01   8.0103625e+00   9.5874976e+00   1.1045444e+01   2.0000000e+00
   8.2522318e+00   1.4187778e+01   6.6401541e+00   9.4584829e+00   1.0538249e+01   2.0000000e+00
   6.8208024e+00   1.4018628e+01   5.0182950e+00   9.0368230e+00   9.6441524e+00   2.0000000e+00
   4.9553652e+00   1.3202870e+01   3.1541276e+00   8.2211494e+00   8.3196840e+00   2.0000000e+00
   2.7163746e+00   1.1663778e+01   1.0619290e+00   6.9053156e+00   6.5260422e+00   2.0000000e+00
   3.3331863e-01   9.5962700e+00  -1.0195742e+00   5.2326483e+00   4.4541296e+00   2.0000000e+00
  -1.7269059e+00   7.4569303e+00  -2.6179987e+00   3.6371967e+00   2.5815761e+00   2.0000000e+00
  -3.2576889e+00   5.4848606e+00  -3.5809554e+00   2.3480756e+00   1.1154448e+00   2.0000000e+00
  -4.2929623e+00   3.7246575e+00  -4.0001907e+00   1.3308081e+00   1.6731878e-03   2.0000000e+00
  -4.7474985e+00   2.2305917e+00  -3.8971221e+00   5.2344551e-01  -7.6008473e-01   2.0000000e+00
  -4.6062634e+00   9.1982016e-01  -3.4383165e+00  -2.0411888e-01  -1.2704698e+00   2.0000000e+00
  -4.1160698e+00  -3.6093950e-01  -2.9996482e+00  -9.9577641e-01  -1.7654066e+00   2.0000000e+00
  -3.7242775e+00  -1.7802712e+00  -2.9973260e+00  -2.0389210e+00  -2.5389412e+00   2.0000000e+00
  -3.6750249e+00  -3.3806019e+00  -3.4965947e+00  -3.4100133e+00  -3.6498958e+00   2.0000000e+00
  -3.6755565e+00  -4.8381544e+00  -4.0493693e+00  -4.7610767e+00  -4.6755654e+00   2.0000000e+00
  -3.3489551e+00  -5.8023861e+00  -4.2316828e+00  -5.6896408e+00  -5.1801121e+00   2.0000000e+00
  -2.7598311e+00  -6.2967730e+00  -4.0667241e+00  -6.2099145e+00  -5.1677239e+00   2.0000000e+00
  -2.2082933e+00  -6.5544319e+00  -3.8166596e+00  -6.5532653e+00  -4.8865765e+00   2.0000000e+00
  -2.0318024e+00  -6.8453806e+00  -3.7577758e+00  -7.0283142e+00  -4.6490058e+00   2.0000000e+00
  -2.7074967e+00  -7.5067411e+00  -4.3054907e+00  -8.0535450e+00  -4.8841354e+00   2.0000000e+00
  -4.4780087e+00  -8.6799337e+00  -5.7638954e+00  -9.7757622e+00  -5.8345460e+00   2.0000000e+00
  -6.8382435e+00  -9.9722471e+00  -7.7201338e+00  -1.1733960e+01  -7.1164580e+00   2.0000000e+00
  -8.8755888e+00  -1.0710244e+01  -9.3371333e+00  -1.3168445e+01  -7.9895820e+00   2.0000000e+00
  -1.0104309e+01  -1.0556703e+01  -1.0209924e+01  -1.3664195e+01  -8.0759820e+00   2.0000000e+00
  -1.0631579e+01  -9.6762677e+00  -1.0425826e+01  -1.3324583e+01  -7.5053798e+00   2.0000000e+00
  -1.0719849e+01  -8.4137390e+00  -1.0187434e+01  -1.2437168e+01  -6.5846660e+00   2.0000000e+00
  -1.0550795e+01  -7.0440390e+00  -9.6972287e+00  -1.1203201e+01  -5.5889013e+00   2.0000000e+00
  -1.0277193e+01  -5.8086075e+00  -9.1692432e+00  -9.7964758e+00  -4.7600674e+00   2.0000000e+00
  -1.0010893e+01  -4.8845465e+00  -8.7397887e+00  -8.4139077e+00  -4.2476513e+00   2.0000000e+00
  -9.7122020e+00  -4.1876530e+00  -8.3088712e+00  -7.0859584e+00  -3.9462928e+00   2.0000000e+00
  -9.4597961e+00  -3.6394803e+00  -7.8744251e+00  -5.8383075e+00  -3.7986142e+00   2.0000000e+00
  -9.5554418e+00  -3.4903402e+00  -7.7163362e+00  -4.9598188e+00  -4.0337114e+00   2.0000000e+00
  -9.8530310e+00  -3.7891949e+00  -7.7725285e+00  -4.5053633e+00  -4.5877999e+00   2.0000000e+00
  -9.6878345e+00  -4.0852935e+00  -7.5555246e+00  -4.0218398e+00  -4.9278190e+00   2.0000000e+00
  -8.7577295e+00  -4.0704951e+00  -6.8296194e+00  -3.2319984e+00  -4.7674932e+00   2.0000000e+00
  -7.5649217e+00  -3.9906386e+00  -5.9668525e+00  -2.4710630e+00  -4.4672235e+00   2.0000000e+00
  -6.8304108e+00  -4.2880276e+00  -5.5411919e+00  -2.2766560e+00  -4.5764788e+00   2.0000000e+00
  -6.7586422e+00  -5.0396833e+00  -5.6774340e+00  -2.7599263e+00  -5.1948252e+00   2.0000000e+00
  -7.1443163e+00  -6.0159584e+00  -6.1363264e+00  -3.6708418e+00  -6.0401131e+00   2.0000000e+00
  -7.8117200e+00  -7.1060105e+00  -6.7494060e+00  -4.8995973e+00  -6.9022685e+00   2.0000000e+00
  -8.6872923e+00  -8.2787372e+00  -7.4642965e+00  -6.4304516e+00  -7.7051956e+00   2.0000000e+00
  -9.6634402e+00  -9.4404778e+00  -8.2555880e+00  -8.1296172e+00  -8.3795380e+00   2.0000000e+00
  -1.0717361e+01  -1.0637411e+01  -9.2169870e+00  -9.9658989e+00  -9.0233187e+00   2.0000000e+00
  -1.2166969e+01  -1.2116978e+01  -1.0632146e+01  -1.2111526e+01  -9.9889277e+00   2.0000000e+00
  -1.4319682e+01  -1.3949334e+01  -1.2669991e+01  -1.4575412e+01  -1.1477189e+01   2.0000000e+00
  -1.6906340e+01  -1.5823589e+01  -1.5071201e+01  -1.7003847e+01  -1.3243841e+01   2.0000000e+00
  -1.9313723e+01  -1.7384623e+01  -1.7326525e+01  -1.9004651e+01  -1.4875081e+01   2.0000000e+00
  -2.1037153e+01  -1.8408521e+01  -1.8956445e+01  -2.0331394e+01  -1.6013403e+01   2.0000000e+00
  -2.1703509e+01  -1.8720168e+01  -1.9620023e+01  -2.0808255e+01  -1.6379657e+01   2.0000000e+00
  -2.1188665e+01  -1.8369525e+01  -1.9296308e+01  -2.0489797e+01  -1.5974937e+01   2.0000000e+00
  -1.9669346e+01  -1.7678245e+01  -1.8284239e+01  -1.9708706e+01  -1.5109617e+01   2.0000000e+00
  -1.7580674e+01  -1.7049193e+01  -1.7042724e+01  -1.8878562e+01  -1.4213718e+01   2.0000000e+00
  -1.5707255e+01  -1.6894691e+01  -1.6117988e+01  -1.8413089e+01  -1.3759816e+01   2.0000000e+00
  -1.4929249e+01  -1.7480763e+01  -1.5979765e+01  -1.8604796e+01  -1.4125405e+01   2.0000000e+00
  -1.5632962e+01  -1.8680655e+01  -1.6708775e+01  -1.9385465e+01  -1.5281087e+01   2.0000000e+00
  -1.7278819e+01  -2.0001769e+01  -1.7843143e+01  -2.0303418e+01  -1.6679094e+01   2.0000000e+00
  -1.8931968e+01  -2.1055097e+01  -1.8867778e+01  -2.1008302e+01  -1.7817043e+01   2.0000000e+00
  -2.0155441e+01  -2.1838718e+01  -1.9641289e+01  -2.1542850e+01  -1.8663196e+01   2.0000000e+00
  -2.0837749e+01  -2.2371244e+01  -2.0095974e+01  -2.1907802e+01  -1.9238106e+01   2.0000000e+00
  -2.1091719e+01  -2.2643122e+01  -2.0256236e+01  -2.2053471e+01  -1.9549363e+01   2.0000000e+00
  -2.1431303e+01  -2.2863819e+01  -2.0457792e+01  -2.2205339e+01  -1.9861051e+01   2.0000000e+00
  -2.1832759e+01  -2.3049844e+01  -2.0715131e+01  -2.2388646e+01  -2.0169732e+01   2.0000000e+00
  -2.1578382e+01  -2.2905843e+01  -2.0567054e+01  -2.2292585e+01  -2.0070804e+01   2.0000000e+00
  -2.0668002e+01  -2.2409806e+01  -1.9972239e+01  -2.1912928e+01  -1.9514212e+01   2.0000000e+00
  -1.9775907e+01  -2.1791897e+01  -1.9307651e+01  -2.1499067e+01  -1.8805505e+01   2.0000000e+00
  -1.9122031e+01  -2.1095580e+01  -1.8655041e+01  -2.1073327e+01  -1.8051093e+01   2.0000000e+00
  -1.8619215e+01  -2.0325806e+01  -1.7965250e+01  -2.0535620e+01  -1.7275954e+01   2.0000000e+00
  -1.8319322e+01  -1.9699388e+01  -1.7371847e+01  -1.9989092e+01  -1.6676555e+01   2.0000000e+00
  -1.8132875e+01  -1.9354946e+01  -1.6898417e+01  -1.9601404e+01  -1.6318376e+01   2.0000000e+00
  -1.7631429e+01  -1.9045869e+01  -1.6248884e+01  -1.9188462e+01  -1.5880456e+01   2.0000000e+00
  -1.6400117e+01  -1.8353951e+01  -1.5016400e+01  -1.8342682e+01  -1.4928738e+01   2.0000000e+00
  -1.4173288e+01  -1.6931554e+01  -1.2834647e+01  -1.6736237e+01  -1.3107255e+01   2.0000000e+00
  -1.1020734e+01  -1.4784426e+01  -9.6965691e+00  -1.4357657e+01  -1.0403869e+01   2.0000000e+00
  -7.6595325e+00  -1.2513408e+01  -6.3487950e+00  -1.1852234e+01  -7.5103896e+00   2.0000000e+00
  -5.0434201e+00  -1.0886808e+01  -3.8317593e+00  -1.0131928e+01  -5.3631771e+00   2.0000000e+00
  -3.8308580e+00  -1.0314020e+01  -2.7181381e+00  -9.6323439e+00  -4.4651043e+00   2.0000000e+00
  -3.7905610e+00  -1.0529971e+01  -2.6644417e+00  -9.9913667e+00  -4.5222476e+00   2.0000000e+00
  -3.8459751e+00  -1.0704934e+01  -2.6513458e+00  -1.0311695e+01  -4.6208812e+00   2.0000000e+00
  -3.3022836e+00  -1.0238686e+01  -2.0261072e+00  -9.9910900e+00  -4.1466747e+00   2.0000000e+00
  -2.4186044e+00  -9.2665375e+00  -1.0181687e+00  -9.1679199e+00  -3.2425461e+00   2.0000000e+00
  -1.7992508e+00  -8.3559997e+00  -2.3446677e-01  -8.3552930e+00  -2.4065507e+00   2.0000000e+00
  -1.7870113e+00  -7.8977012e+00   5.0726343e-03  -7.8888683e+00  -1.9831702e+00   2.0000000e+00
  -2.2804596e+00  -7.8700135e+00  -1.7766957e-01  -7.7791784e+00  -1.9743801e+00   2.0000000e+00
  -2.7114744e+00  -8.0276255e+00  -4.7110024e-01  -7.8327660e+00  -2.1228829e+00   2.0000000e+00
  -2.4645044e+00  -8.0060724e+00  -5.2794588e-01  -7.6996836e+00  -2.0725027e+00   2.0000000e+00
  -1.3621254e+00  -7.3971535e+00   2.0326997e-02  -6.9907619e+00  -1.4752205e+00   0.0000000e+00
   4.9379349e-01  -5.9823542e+00   1.4405749e+00  -5.4975619e+00  -9.2835189e-02   0.0000000e+00
   2.9323566e+00  -3.8881450e+00   3.6985314e+00  -3.3221699e+00   2.0374484e+00   0.0000000e+00
   5.5908360e+00  -1.5822837e+00   6.3887949e+00  -8.8633884e-01   4.5299310e+00   0.0000000e+00
   8.0634400e+00   3.7670105e-01   9.0149953e+00   1.3130960e+00   6.9162871e+00   0.0000000e+00
   1.0239464e+01   1.7864009e+00   1.1350455e+01   3.1136574e+00   9.0262560e+00   0.0000000e+00
   1.2256067e+01   2.8600642e+00   1.3459167e+01   4.6635379e+00   1.0932361e+01   0.0000000e+00
   1.4205035e+01   3.8855379e+00   1.5476573e+01   6.1125248e+00   1.2715090e+01   0.0000000e+00
   1.5907415e+01   4.9910703e+00   1.7370667e+01   7.4870532e+00   1.4351599e+01   0.0000000e+00
   1.7116809e+01   6.1600227e+00   1.8990127e+01   8.7370215e+00   1.5716629e+01   0.0000000e+00
   1.7845784e+01   7.3492595e+00   2.0298035e+01   9.8834258e+00   1.6780976e+01   0.0000000e+00
   1.8426578e+01   8.5789568e+00   2.1498398e+01   1.1027346e+01   1.7750640e+01   0.0000000e+00
   1.9331307e+01   9.9222657e+00   2.2907738e+01   1.2269544e+01   1.8908638e+01   0.0000000e+00
   2.0645574e+01   1.1294699e+01   2.4499488e+01   1.3593948e+01   2.0278157e+01   0.0000000e+00
   2.1920235e+01   1.2288873e+01   2.5767743e+01   1.4684055e+01   2.1475392e+01   0.0000000e+00
   2.2709489e+01   1.2512562e+01   2.6231271e+01   1.5149023e+01   2.2054873e+01   0.0000000e+00
   2.2989697e+01   1.2107980e+01   2.5951329e+01   1.4997247e+01   2.2007012e+01   0.0000000e+00
   2.3066118e+01   1.1635331e+01   2.5496061e+01   1.4601823e+01   2.1751295e+01   0.0000000e+00
   2.3157102e+01   1.1413069e+01   2.5276409e+01   1.4223800e+01   2.1581111e+01   0.0000000e+00
   2.3412124e+01   1.1353149e+01   2.5270900e+01   1.3914777e+01   2.1481250e+01   0.0000000e+00
   2.4161942e+01   1.1439332e+01   2.5526261e+01   1.3826189e+01   2.1558133e+01   0.0000000e+00
   2.5378308e+01   1.1701694e+01   2.6079867e+01   1.4016729e+01   2.1903105e+01   0.0000000e+00
   2.6300553e+01   1.1821371e+01   2.6482302e+01   1.4077931e+01   2.2091255e+01   0.0000000e+00
   2.6349365e+01   1.1545174e+01   2.6311020e+01   1.3644497e+01   2.1697399e+01   0.0000000e+00
   2.5687395e+01   1.1118045e+01   2.5711519e+01   1.2926277e+01   2.0925684e+01   0.0000000e+00
   2.4487394e+01   1.0811353e+01   2.4884674e+01   1.2217013e+01   2.0096864e+01   0.0000000e+00
   2.2818845e+01   1.0697891e+01   2.3869777e+01   1.1611451e+01   1.9328820e+01   0.0000000e+00
   2.1073245e+01   1.0920336e+01   2.2857875e+01   1.1313224e+01   1.8814578e+01   0.0000000e+00
   1.9568102e+01   1.1581684e+01   2.2016480e+01   1.1490018e+01   1.8667186e+01   0.0000000e+00
   1.8329646e+01   1.2628426e+01   2.1348396e+01   1.2092551e+01   1.8829314e+01   0.0000000e+00
   1.7378200e+01   1.3917873e+01   2.0874003e+01   1.2983246e+01   1.9285937e+01   0.0000000e+00
   1.6641979e+01   1.5192958e+01   2.0584483e+01   1.3991764e+01   1.9967682e+01   0.0000000e+00
   1.6010873e+01   1.6292520e+01   2.0437842e+01   1.5054407e+01   2.0733328e+01   0.0000000e+00
   1.5636859e+01   1.7231621e+01   2.0485801e+01   1.6164021e+01   2.1535378e+01   0.0000000e+00
   1.5593861e+01   1.7950163e+01   2.0640780e+01   1.7156211e+01   2.2252821e+01   0.0000000e+00
   1.5531844e+01   1.8251418e+01   2.0536845e+01   1.7742355e+01   2.2570205e+01   0.0000000e+00
   1.4978352e+01   1.7930182e+01   1.9832338e+01   1.7663162e+01   2.2189760e+01   0.0000000e+00
   1.3789395e+01   1.6972544e+01   1.8516528e+01   1.6941662e+01   2.1090449e+01   0.0000000e+00
   1.2179565e+01   1.5518881e+01   1.6822839e+01   1.5804223e+01   1.9485722e+01   0.0000000e+00
   1.0414112e+01   1.3776981e+01   1.4974320e+01   1.4439004e+01   1.7631301e+01   0.0000000e+00
   8.9104585e+00   1.2189742e+01   1.3359806e+01   1.3168527e+01   1.5951121e+01   0.0000000e+00
   8.0097671e+00   1.1145263e+01   1.2289501e+01   1.2292104e+01   1.4812141e+01   0.0000000e+00
   7.4870505e+00   1.0590584e+01   1.1554244e+01   1.1712190e+01   1.4107724e+01   0.0000000e+00
   7.0212824e+00   1.0305842e+01   1.0858846e+01   1.1181770e+01   1.3563900e+01   0.0000000e+00
   6.5262710e+00   1.0170812e+01   1.0141504e+01   1.0618571e+01   1.3049068e+01   0.0000000e+00
   5.9106503e+00   1.0137900e+01   9.4308949e+00   1.0063665e+01   1.2516975e+01   0.0000000e+00
   5.2669717e+00   1.0232248e+01   8.8087674e+00   9.6129247e+00   1.2038710e+01   0.0000000e+00
   4.8171131e+00   1.0467990e+01   8.3356115e+00   9.3041946e+00   1.1718345e+01   0.0000000e+00
   4.3279417e+00   1.0745787e+01   7.8883827e+00   9.0077017e+00   1.1487998e+01   0.0000000e+00
   3.3968368e+00   1.0951656e+01   7.2990771e+00   8.6064463e+00   1.1203863e+01   0.0000000e+00
   2.1424349e+00   1.1043398e+01   6.5992558e+00   8.1731189e+00   1.0826211e+01   0.0000000e+00
   9.8623290e-01   1.1064220e+01   5.9963156e+00   7.9025494e+00   1.0446888e+01   0.0000000e+00
   3.0475273e-01   1.1162444e+01   5.7695736e+00   7.9889778e+00   1.0266893e+01   0.0000000e+00
   1.5030973e-01   1.1315396e+01   5.9000217e+00   8.3240673e+00   1.0270114e+01   0.0000000e+00
   7.6046816e+00   1.0939524e+00  -6.6378997e-01  -1.4502969e+00   7.2012856e+00   1.0000000e+00
   7.9976579e+00   1.2076914e+00  -5.2337907e-02  -4.7569301e-01   7.1071939e+00   1.0000000e+00
   8.5338925e+00   1.4046121e+00   7.5121209e-01   6.8051579e-01   7.0427345e+00   1.0000000e+00
   8.7840850e+00   1.2852449e+00   1.2693194e+00   1.4654788e+00   6.5268850e+00   1.0000000e+00
   8.4356795e+00   6.5201017e-01   1.2014043e+00   1.5829999e+00   5.3459245e+00   1.0000000e+00
   7.6342040e+00  -3.3069473e-01   7.3026367e-01   1.2127766e+00   3.6726241e+00   1.0000000e+00
   6.7106675e+00  -1.3062972e+00   1.9650875e-01   6.8816885e-01   1.8865155e+00   1.0000000e+00
   5.9047494e+00  -1.9376371e+00  -1.6803597e-01   3.1572723e-01   4.6732043e-01   1.0000000e+00
   5.3935974e+00  -2.0444492e+00  -2.5836541e-01   2.6841929e-01  -2.3972341e-01   1.0000000e+00
   5.1267928e+00  -1.7251131e+00  -1.5701994e-01   4.4159686e-01  -2.9281774e-01   1.0000000e+00
   4.8013679e+00  -1.2576427e+00  -5.0056318e-02   6.2972148e-01   3.1339482e-02   1.0000000e+00
   4.2564797e+00  -8.0994883e-01  -1.9502026e-02   7.7172627e-01   5.7152877e-01   1.0000000e+00
   3.5937798e+00  -3.7831129e-01  -5.5175588e-02   8.9768621e-01   1.2998273e+00   1.0000000e+00
   3.0068718e+00   4.2503214e-02  -1.4702069e-01   9.6598161e-01   2.1117922e+00   1.0000000e+00
   2.8538912e+00   5.5042060e-01  -1.3454590e-01   1.0320385e+00   2.9565876e+00   1.0000000e+00
   3.5540712e+00   1.4204410e+00   2.8864010e-01   1.3916874e+00   4.0080474e+00   1.0000000e+00
   5.1802969e+00   2.8071992e+00   1.2621190e+00   2.2419712e+00   5.3795953e+00   1.0000000e+00
   7.5099180e+00   4.6703398e+00   2.7127771e+00   3.5315447e+00   7.0651515e+00   1.0000000e+00
   1.0208499e+01   6.8381779e+00   4.3958945e+00   5.0250952e+00   8.9057133e+00   1.0000000e+00
   1.2882301e+01   8.9702317e+00   5.9591118e+00   6.3476388e+00   1.0503905e+01   1.0000000e+00
   1.5422069e+01   1.0938517e+01   7.3121824e+00   7.3780679e+00   1.1770620e+01   1.0000000e+00
   1.7930077e+01   1.2872640e+01   8.6009818e+00   8.3064576e+00   1.3002846e+01   1.0000000e+00
   2.0215361e+01   1.4584883e+01   9.7423415e+00   9.0649376e+00   1.4111916e+01   1.0000000e+00
   2.2005167e+01   1.5772325e+01   1.0559632e+01   9.4172659e+00   1.4743358e+01   1.0000000e+00
   2.3394947e+01   1.6564909e+01   1.1188850e+01   9.5117151e+00   1.4972063e+01   1.0000000e+00
   2.4602629e+01   1.7266710e+01   1.1800237e+01   9.5845561e+00   1.5078147e+01   1.0000000e+00
   2.5657521e+01   1.7979474e+01   1.2357013e+01   9.6474388e+00   1.5193076e+01   1.0000000e+00
   2.6415030e+01   1.8613283e+01   1.2775149e+01   9.6714323e+00   1.5345826e+01   1.0000000e+00
   2.6626292e+01   1.8978493e+01   1.2898465e+01   9.5214997e+00   1.5380743e+01   1.0000000e+00
   2.6167913e+01   1.8927614e+01   1.2591321e+01   9.0229601e+00   1.5087523e+01   1.0000000e+00
   2.5167070e+01   1.8535346e+01   1.1928610e+01   8.2437416e+00   1.4517395e+01   1.0000000e+00
   2.3809185e+01   1.7996757e+01   1.1120528e+01   7.4408284e+00   1.3892793e+01   1.0000000e+00
   2.2299753e+01   1.7432587e+01   1.0352993e+01   6.7727150e+00   1.3341223e+01   1.0000000e+00
   2.0787070e+01   1.6888750e+01   9.6319084e+00   6.1781795e+00   1.2866429e+01   1.0000000e+00
   1.9259743e+01   1.6327110e+01   8.8336043e+00   5.5148480e+00   1.2399747e+01   1.0000000e+00
   1.7981484e+01   1.5784858e+01   8.0641536e+00   4.8283699e+00   1.1987850e+01   1.0000000e+00
   1.7479495e+01   1.5514317e+01   7.6432868e+00   4.4099210e+00   1.1937495e+01   1.0000000e+00
   1.7945407e+01   1.5737139e+01   7.7474859e+00   4.5436858e+00   1.2564778e+01   1.0000000e+00
   1.9072270e+01   1.6364573e+01   8.2679977e+00   5.1976911e+00   1.3812164e+01   1.0000000e+00
   2.0236961e+01   1.7023396e+01   8.8272055e+00   5.9927404e+00   1.5184800e+01   1.0000000e+00
   2.0985045e+01   1.7366233e+01   9.1399190e+00   6.6537640e+00   1.6215442e+01   1.0000000e+00
   2.1394758e+01   1.7313737e+01   9.2778693e+00   7.1843539e+00   1.6787104e+01   1.0000000e+00
   2.1655536e+01   1.6931398e+01   9.3098231e+00   7.5218974e+00   1.6932329e+01   1.0000000e+00
   2.1756578e+01   1.6306595e+01   9.1552855e+00   7.5404927e+00   1.6749736e+01   1.0000000e+00
   2.1625359e+01   1.5624598e+01   8.7963934e+00   7.3337850e+00   1.6482123e+01   1.0000000e+00
   2.1227667e+01   1.4992897e+01   8.3561563e+00   7.1536154e+00   1.6306226e+01   1.0000000e+00
   2.0666616e+01   1.4255479e+01   7.9864519e+00   7.1140831e+00   1.6120237e+01   1.0000000e+00
   2.0074515e+01   1.3261970e+01   7.6613714e+00   7.1210729e+00   1.5783606e+01   1.0000000e+00
   1.9557663e+01   1.2071530e+01   7.3361073e+00   7.0801411e+00   1.5298038e+01   1.0000000e+00
   1.9109703e+01   1.0839974e+01   7.0633107e+00   7.0255013e+00   1.4721424e+01   1.0000000e+00
   1.8363312e+01   9.6351503e+00   6.6648164e+00   6.8831172e+00   1.4068991e+01   1.0000000e+00
   1.7059979e+01   8.4168065e+00   5.9339665e+00   6.4746507e+00   1.3325968e+01   1.0000000e+00
   1.5589823e+01   7.2956199e+00   5.0654582e+00   5.8813957e+00   1.2623257e+01   1.0000000e+00
   1.4363257e+01   6.4521505e+00   4.2499282e+00   5.2449495e+00   1.2055752e+01   1.0000000e+00
   1.3287456e+01   5.7806434e+00   3.3751801e+00   4.4488734e+00   1.1424699e+01   1.0000000e+00
   1.2193547e+01   4.9953950e+00   2.3364661e+00   3.3427751e+00   1.0435691e+01   1.0000000e+00
   1.1198497e+01   4.0296125e+00   1.2313203e+00   2.0071120e+00   9.0402552e+00   1.0000000e+00
   1.0522191e+01   3.1153694e+00   2.7230581e-01   6.7379531e-01   7.5130872e+00   1.0000000e+00
   1.0207969e+01   2.5468453e+00  -3.6379128e-01  -3.8030588e-01   6.2723091e+00   1.0000000e+00
   1.0034316e+01   2.4254134e+00  -7.0901848e-01  -1.0040908e+00   5.5407326e+00   1.0000000e+00
   9.8710549e+00   2.6872110e+00  -8.8197972e-01  -1.2732983e+00   5.2976627e+00   1.0000000e+00
   9.8963422e+00   3.2751667e+00  -8.4528192e-01  -1.2746707e+00   5.5228032e+00   1.0000000e+00
   1.0057646e+01   4.0137391e+00  -6.8036564e-01  -1.1522723e+00   6.0197869e+00   1.0000000e+00
   1.0244571e+01   4.6740251e+00  -5.3736641e-01  -1.0865931e+00   6.4878419e+00   1.0000000e+00
   1.0742516e+01   5.1930995e+00  -3.5115411e-01  -1.1727951e+00   6.7787855e+00   1.0000000e+00
   1.1393664e+01   5.4735994e+00  -2.3761908e-01  -1.5999715e+00   6.6432224e+00   1.0000000e+00
   1.1307365e+01   5.2952053e+00  -5.8560613e-01  -2.5237146e+00   5.8341463e+00   1.0000000e+00
   1.0055121e+01   4.6430263e+00  -1.4970076e+00  -3.7776972e+00   4.5254097e+00   1.0000000e+00
   8.1794820e+00   3.7767115e+00  -2.6231775e+00  -5.0236673e+00   3.1259714e+00   1.0000000e+00
   6.3776455e+00   2.9050021e+00  -3.6103402e+00  -6.0878200e+00   1.8881688e+00   1.0000000e+00
   5.0408115e+00   2.1730738e+00  -4.2961252e+00  -6.9168415e+00   9.4883544e-01   1.0000000e+00
   4.4833955e+00   1.8629116e+00  -4.5254700e+00  -7.3388606e+00   5.0862540e-01   1.0000000e+00
   4.6389986e+00   2.0194498e+00  -4.3562459e+00  -7.3429415e+00   5.4848385e-01   1.0000000e+00
   4.9572588e+00   2.2155897e+00  -4.1034212e+00  -7.2361110e+00   6.4286286e-01   1.0000000e+00
   5.0632132e+00   2.1444491e+00  -3.9126699e+00  -7.1749226e+00   4.7316355e-01   1.0000000e+00
   4.9778654e+00   1.9284632e+00  -3.7410004e+00  -7.0758823e+00   1.0706468e-01   1.0000000e+00
   4.9138672e+00   1.8012211e+00  -3.5576768e+00  -6.9135869e+00  -2.5986394e-01   1.0000000e+00
   5.0171205e+00   1.8283745e+00  -3.4171896e+00  -6.8434385e+00  -6.1179894e-01   1.0000000e+00
   5.3456732e+00   1.9824497e+00  -3.3521060e+00  -6.9957560e+00  -9.9019710e-01   1.0000000e+00
   6.0438163e+00   2.3451028e+00  -3.1942344e+00  -7.2080801e+00  -1.1657646e+00   1.0000000e+00
   7.1761368e+00   2.9952164e+00  -2.7579398e+00  -7.2224142e+00  -8.8852065e-01   1.0000000e+00
   8.5304918e+00   3.8052072e+00  -2.1252334e+00  -7.0041890e+00  -2.2104615e-01   1.0000000e+00
   9.8399514e+00   4.5872849e+00  -1.5114404e+00  -6.6899701e+00   6.2461775e-01   1.0000000e+00
   1.1171550e+01   5.4317927e+00  -8.7627419e-01  -6.2312575e+00   1.6794791e+00   1.0000000e+00
   1.2551493e+01   6.4881419e+00  -1.0191543e-01  -5.4662224e+00   3.0732767e+00   1.0000000e+00
   1.3617366e+01   7.5907414e+00   6.7648167e-01  -4.5193360e+00   4.5651173e+00   1.0000000e+00
   1.4070972e+01   8.4488496e+00   1.2838020e+00  -3.6807476e+00   5.7340065e+00   1.0000000e+00
   1.3747328e+01   8.8308127e+00   1.5737882e+00  -3.1290119e+00   6.3463854e+00   1.0000000e+00
   1.2596708e+01   8.6416771e+00   1.4261262e+00  -2.9315451e+00   6.3329441e+00   1.0000000e+00
   1.0980204e+01   8.0472918e+00   1.0013524e+00  -2.9948596e+00   5.8373242e+00   1.0000000e+00
   9.5308751e+00   7.3936440e+00   7.0719331e-01  -3.0143901e+00   5.2430153e+00   1.0000000e+00
   8.6641735e+00   6.9641539e+00   8.4526908e-01  -2.6618768e+00   4.9122233e+00   1.0000000e+00
   8.4973328e+00   6.9321320e+00   1.5293071e+00  -1.7093446e+00   5.1090521e+00   1.0000000e+00
   8.8712403e+00   7.3966974e+00   2.7058939e+00  -9.8930241e-02   5.9670806e+00   1.0000000e+00
   9.3673935e+00   8.2596989e+00   4.1161457e+00   2.0121553e+00   7.3899717e+00   1.0000000e+00
   9.7442019e+00   9.2414668e+00   5.4927708e+00   4.3166709e+00   9.0911973e+00   1.0000000e+00
   9.9938219e+00   1.0040880e+01   6.6277065e+00   6.3936118e+00   1.0657695e+01   1.0000000e+00
   1.0116926e+01   1.0450333e+01   7.3221324e+00   7.8671985e+00   1.1738237e+01   1.0000000e+00
   1.0029286e+01   1.0370405e+01   7.4819020e+00   8.5813409e+00   1.2113473e+01   1.0000000e+00
   9.6435150e+00   9.8239063e+00   7.1812660e+00   8.6088120e+00   1.1705598e+01   1.0000000e+00
   9.2164855e+00   9.0770673e+00   6.6714714e+00   8.2219596e+00   1.0797711e+01   0.0000000e+00
   9.0864233e+00   8.4276969e+00   6.1888533e+00   7.7161244e+00   9.8835482e+00   0.0000000e+00
   9.1408609e+00   7.8264133e+00   5.6935915e+00   7.1293546e+00   9.1511301e+00   0.0000000e+00
   9.1130218e+00   7.1186680e+00   5.0476250e+00   6.3503090e+00   8.4981336e+00   0.0000000e+00
   8.9924053e+00   6.3640448e+00   4.3015882e+00   5.4106565e+00   7.8792633e+00   0.0000000e+00
   9.0128740e+00   5.7125876e+00   3.6715685e+00   4.5015584e+00   7.3767773e+00   0.0000000e+00
   9.3736117e+00   5.3471447e+00   3.3307576e+00   3.8552296e+00   7.1894064e+00   0.0000000e+00
   9.9321613e+00   5.3931048e+00   3.2105796e+00   3.5064475e+00   7.3910970e+00   0.0000000e+00
   1.0557018e+01   5.7929371e+00   3.1938531e+00   3.2883506e+00   7.7805412e+00   0.0000000e+00
   1.1377856e+01   6.4743606e+00   3.3228762e+00   3.1373772e+00   8.2618009e+00   0.0000000e+00
   1.2337303e+01   7.3243412e+00   3.5445680e+00   3.0142105e+00   8.8163890e+00   0.0000000e+00
   1.3007827e+01   7.9265828e+00   3.5243041e+00   2.6149762e+00   9.0646710e+00   0.0000000e+00
   1.2853356e+01   7.7736940e+00   2.8323687e+00   1.4984980e+00   8.4738721e+00   0.0000000e+00
   1.1616697e+01   6.7301823e+00   1.2719951e+00  -5.0898759e-01   6.9068571e+00   0.0000000e+00
   9.6506915e+00   5.1448397e+00  -8.7425927e-01  -3.0502703e+00   4.8087153e+00   0.0000000e+00
   7.6481481e+00   3.5808192e+00  -3.0092184e+00  -5.4460306e+00   2.8781796e+00   0.0000000e+00
   6.0014357e+00   2.4313964e+00  -4.7190002e+00  -7.2466841e+00   1.5326261e+00   0.0000000e+00
   4.6588828e+00   1.6934530e+00  -5.9818118e+00  -8.4529946e+00   7.3752915e-01   0.0000000e+00
   3.3848258e+00   1.0688144e+00  -6.9405836e+00  -9.2701701e+00   1.4273575e-01   0.0000000e+00
   2.1277095e+00   3.5994485e-01  -7.6297778e+00  -9.8015932e+00  -5.7540415e-01   0.0000000e+00
   1.0794995e+00  -4.0679000e-01  -8.0192792e+00  -1.0048464e+01  -1.4540758e+00   0.0000000e+00
   2.8265694e-01  -1.1129726e+00  -8.1807290e+00  -1.0017216e+01  -2.2587443e+00   0.0000000e+00
  -3.7438955e-01  -1.6097838e+00  -8.2187175e+00  -9.6897716e+00  -2.6601705e+00   0.0000000e+00
  -8.0400253e-01  -1.7477815e+00  -8.0573935e+00  -8.9524698e+00  -2.4120848e+00   0.0000000e+00
  -8.2198494e-01  -1.4452432e+00  -7.5267471e+00  -7.7220489e+00  -1.4804600e+00   0.0000000e+00
  -5.9894141e-01  -9.2965041e-01  -6.7387441e+00  -6.2254561e+00  -2.1409571e-01   0.0000000e+00
  -4.3970014e-01  -5.3970144e-01  -5.9266704e+00  -4.7368688e+00   1.0306721e+00   0.0000000e+00
  -2.9949992e-01  -3.3363762e-01  -5.1290326e+00  -3.3260777e+00   2.1854373e+00   0.0000000e+00
  -1.1729713e-01  -3.0004023e-01  -4.4506361e+00  -2.1909608e+00   3.0800314e+00   0.0000000e+00
  -1.1235830e-01  -5.8111500e-01  -4.1731297e+00  -1.7066171e+00   3.3432954e+00   0.0000000e+00
  -3.8369770e-01  -1.2169795e+00  -4.3730890e+00  -1.9921555e+00   2.8466089e+00   0.0000000e+00
  -6.4661975e-01  -1.9257435e+00  -4.7597666e+00  -2.7289672e+00   1.9523626e+00   0.0000000e+00
  -5.1686184e-01  -2.3545402e+00  -4.9910022e+00  -3.5122819e+00   1.1324331e+00   0.0000000e+00
   2.1903395e-01  -2.3416721e+00  -4.9209476e+00  -4.1612188e+00   5.8171965e-01   0.0000000e+00
   1.4374779e+00  -1.9764000e+00  -4.6484532e+00  -4.7260198e+00   2.4450477e-01   0.0000000e+00
   2.6535162e+00  -1.5148867e+00  -4.4487887e+00  -5.3642148e+00  -4.2989412e-02   0.0000000e+00
   3.6350601e+00  -1.0252464e+00  -4.3924266e+00  -6.0538060e+00  -2.9305794e-01   0.0000000e+00
   4.6366818e+00  -3.9267846e-01  -4.3118090e+00  -6.6858398e+00  -4.4169156e-01   0.0000000e+00
   5.7428714e+00   2.9900563e-01  -4.2339295e+00  -7.4062215e+00  -6.6604187e-01   0.0000000e+00
   6.6758877e+00   8.3039248e-01  -4.3233938e+00  -8.3263282e+00  -1.0788022e+00   0.0000000e+00
   7.0856461e+00   1.1476411e+00  -4.6236795e+00  -9.2353731e+00  -1.4332396e+00   0.0000000e+00
   6.7760950e+00   1.3380929e+00  -5.0806405e+00  -9.8726520e+00  -1.4760626e+00   0.0000000e+00
   5.8734401e+00   1.4845290e+00  -5.5545046e+00  -1.0105064e+01  -1.1766987e+00   0.0000000e+00
   4.7568337e+00   1.7098442e+00  -5.8337878e+00  -9.8390654e+00  -4.9744372e-01   0.0000000e+00
   3.7079460e+00   2.0512044e+00  -5.8702558e+00  -9.1613553e+00   4.9611567e-01   0.0000000e+00
   2.6442990e+00   2.3030438e+00  -5.8484774e+00  -8.3606291e+00   1.4896574e+00   0.0000000e+00
   1.3807349e+00   2.2954257e+00  -5.8480472e+00  -7.5145712e+00   2.3772597e+00   0.0000000e+00
  -1.0071174e-01   2.0418225e+00  -5.8075248e+00  -6.5224101e+00   3.2963358e+00   0.0000000e+00
  -1.7871724e+00   1.5832637e+00  -5.7496098e+00  -5.3997629e+00   4.2458390e+00   0.0000000e+00
  -3.4458448e+00   1.1113045e+00  -5.5440094e+00  -4.0377247e+00   5.3139070e+00   0.0000000e+00
  -4.4495952e+00   1.0719131e+00  -4.7811258e+00  -2.0994427e+00   6.8621194e+00   0.0000000e+00
  -4.3785719e+00   1.7387642e+00  -3.2845377e+00   5.0061486e-01   9.0275036e+00   0.0000000e+00
  -3.4009715e+00   2.9336707e+00  -1.3229855e+00   3.4087010e+00   1.1528248e+01   0.0000000e+00
  -1.8882706e+00   4.3724096e+00   7.9486797e-01   6.2376647e+00   1.4053460e+01   0.0000000e+00
  -1.8931970e-01   5.7924229e+00   2.8478136e+00   8.6997997e+00   1.6255103e+01   0.0000000e+00
   1.3781039e+00   6.9159486e+00   4.6119869e+00   1.0571285e+01   1.7766848e+01   0.0000000e+00
   2.6786329e+00   7.6726822e+00   6.0130244e+00   1.1893696e+01   1.8569597e+01   0.0000000e+00
   3.6433565e+00   8.0783594e+00   7.0540125e+00   1.2782370e+01   1.8756763e+01   0.0000000e+00
   4.2602860e+00   8.1199416e+00   7.7198200e+00   1.3238414e+01   1.8346549e+01   0.0000000e+00
   4.7530789e+00   7.9088765e+00   8.0801457e+00   1.3290104e+01   1.7482058e+01   0.0000000e+00
   5.3923433e+00   7.6971793e+00   8.2467620e+00   1.3026250e+01   1.6485898e+01   0.0000000e+00
   6.3133516e+00   7.7965696e+00   8.3823266e+00   1.2700437e+01   1.5826335e+01   0.0000000e+00
   7.4855758e+00   8.3596669e+00   8.6205267e+00   1.2564735e+01   1.5690487e+01   0.0000000e+00
   8.5990445e+00   9.1342136e+00   8.7949953e+00   1.2429287e+01   1.5688384e+01   0.0000000e+00
   9.3763418e+00   9.7261343e+00   8.6328347e+00   1.1905804e+01   1.5432951e+01   0.0000000e+00
   9.9698759e+00   1.0080151e+01   8.1433059e+00   1.0931374e+01   1.5011520e+01   0.0000000e+00
   1.0418596e+01   1.0203664e+01   7.3831998e+00   9.5948952e+00   1.4493589e+01   0.0000000e+00
   1.0376004e+01   9.8880041e+00   6.2557824e+00   7.8968618e+00   1.3665587e+01   0.0000000e+00
   9.7896858e+00   9.1112976e+00   4.8228726e+00   5.9631385e+00   1.2540430e+01   0.0000000e+00
   8.9803522e+00   8.1404765e+00   3.3812703e+00   4.1298875e+00   1.1459018e+01   0.0000000e+00
   8.0602673e+00   7.1295899e+00   2.0847702e+00   2.5890285e+00   1.0524452e+01   0.0000000e+00
   6.8529985e+00   5.9746483e+00   7.7140622e-01   1.1702199e+00   9.4649987e+00   0.0000000e+00
   5.2266902e+00   4.5818793e+00  -7.8217109e-01  -3.9385329e-01   8.1307787e+00   0.0000000e+00
   3.1912658e+00   3.0093010e+00  -2.6327928e+00  -2.1756728e+00   6.6522443e+00   0.0000000e+00
   9.2387427e-01   1.4712666e+00  -4.5942853e+00  -3.9309619e+00   5.3544499e+00   0.0000000e+00
  -1.0939721e+00   3.3914965e-01  -6.2718772e+00  -5.2567204e+00   4.6518279e+00   0.0000000e+00
  -2.4175041e+00  -1.4604995e-01  -7.3218337e+00  -5.9053093e+00   4.7149507e+00   0.0000000e+00
  -3.1402120e+00  -1.7187622e-01  -7.7526528e+00  -5.9464113e+00   5.2723135e+00   0.0000000e+00
  -3.5248035e+00  -8.1149094e-02  -7.7945951e+00  -5.6432604e+00   5.8937618e+00   0.0000000e+00
  -3.5618663e+00   2.5714915e-02  -7.5547491e+00  -5.1383205e+00   6.3806834e+00   0.0000000e+00
  -3.2342464e+00   1.8482672e-01  -7.0030488e+00  -4.4033123e+00   6.7753755e+00   0.0000000e+00
  -2.8458016e+00   3.1656890e-01  -6.2529991e+00  -3.4858649e+00   7.1400569e+00   0.0000000e+00
  -2.8684948e+00   1.6154665e-01  -5.6441505e+00  -2.6551290e+00   7.2899744e+00   0.0000000e+00
  -3.4896420e+00  -5.8165330e-01  -5.4624475e+00  -2.2530915e+00   6.8558241e+00   0.0000000e+00
  -4.4876578e+00  -1.9335366e+00  -5.7317755e+00  -2.4028108e+00   5.7264371e+00   0.0000000e+00
  -5.4054319e+00  -3.4910980e+00  -6.1813473e+00  -2.8568595e+00   4.2319050e+00   0.0000000e+00
  -5.8529057e+00  -4.7970220e+00  -6.4714469e+00  -3.2466092e+00   2.8124493e+00   0.0000000e+00
  -5.7910514e+00  -5.6851783e+00  -6.4973083e+00  -3.4465901e+00   1.6488786e+00   0.0000000e+00
  -5.3700534e+00  -6.1452313e+00  -6.3295214e+00  -3.5211266e+00   7.7475755e-01   0.0000000e+00
  -4.7496488e+00  -6.2221803e+00  -6.1045638e+00  -3.5615099e+00   2.3952733e-01   0.0000000e+00
  -4.1722077e+00  -6.0872044e+00  -6.0022555e+00  -3.7184449e+00  -6.7830446e-02   0.0000000e+00
  -3.8255549e+00  -5.9495871e+00  -6.1235887e+00  -4.1324408e+00  -4.1764018e-01   0.0000000e+00
